Tmax = 3.373881e+02
Tmin = 3.080950e+02
Tmean = 3.263563e+02
Tdev = 7.509827e+00
