Tmax = 3.370140e+02
Tmin = 3.079308e+02
Tmean = 3.259583e+02
Tdev = 7.478987e+00
